Agent 0:(22.9739,6.94535,0)->(23.6736,9.25613,4.82881)->(25.7524,13.0646,13.5066)->(26.7878,16.5863,20.8481)->(27.4926,20.4622,28.7271)->(26.7664,22.2864,32.6538)->(27.402,25.4772,39.1607)->(28.6815,28.0275,44.8673)->(28.6815,28.0275,45.6119)->(32.0394,30.7182,54.2178)->(33.4984,33.11,59.8211)->(34.7898,37.654,69.2691)->
Agent 1:(33.7644,11.229,0)->(33.0283,15.7396,9.14049)->(32.1985,19.4986,16.8396)->(30.0648,23.7846,26.4149)->(27.7076,26.438,33.5134)->(26.8531,28.195,37.421)->(26.0844,32.8811,46.9185)->(23.9232,35.1747,53.2214)->(21.9196,39.7055,63.1294)->(20.9229,42.0789,68.2779)->(19.1325,45.1838,75.4461)->(18.2421,46.3268,78.3439)->
Agent 2:(25.9514,46.3,0)->(24.7165,44.0632,5.11002)->(24.1313,40.4706,12.39)->(22.4966,36.1695,21.5925)->(22.0892,35.6176,22.9645)->(22.0892,35.6176,23.0466)->(20.2035,31.3793,32.3242)->(20.2035,31.3793,33.9756)->(16.3021,30.503,41.9728)->(16.3021,30.503,43.4982)->(14.8454,26.5095,52)->(12.2816,22.7985,61.021)->
Agent 3:(26.4553,2.19403,0)->(24.4785,6.78668,10)->(21.6654,10.9202,20)->(22.1257,15.899,30)->(22.1257,15.899,32)->(19.1847,19.6949,41.6036)->(14.6986,21.1574,51.0407)->
Agent 4:(3.77527,0.877211,0)->(6.15994,1.94325,5.22421)->(9.72366,3.52792,13.0245)->(14.3947,5.2179,22.9593)->(18.4738,7.30711,32.1252)->(22.2189,9.0531,40.3894)->(22.2189,9.0531,44.7864)->(26.3445,11.1029,54)->
Agent 5:(46.0914,34.1519,0)->(42.2025,37.2945,10)->(39.1847,39.5707,17.5599)->(39.1847,39.5707,19.5599)->(35.3302,42.6361,29.4096)->(35.3667,42.8185,29.7816)->
Agent 6:(32.542,26.3195,0)->(29.184,22.615,10)->(29.184,22.615,13.6345)->(24.5736,21.7951,23)->(24.5736,21.7951,27.0592)->(23.0284,19.2583,33)->
Agent 7:(37.8477,34.8583,0)->(37.8477,34.8583,1)->(33.5975,35.3486,9.55686)->(29.6349,36.8646,18.0421)->(25.7494,38.3852,26.387)->(24.2768,37.6304,29.6965)->(24.2768,37.6304,30.7053)->(19.7957,36.3983,40)->(15.949,35.9049,47.7566)->(12.0008,37.9339,56.6345)->(9.54091,36.6788,62.1577)->(5.58207,34.9259,70.8168)->(4.66017,38.0963,77.4203)->(0.65821,39.4723,85.8841)->
Agent 8:(16.5835,2.82576,0)->(15.1549,5.22783,5.58955)->(15.1549,5.22783,6.58955)->(13.1249,9.14759,15.418)->(11.2204,13.0067,24.025)->(10.4217,14.4847,27.385)->(9.25538,17.8812,34.5674)->(7.94507,20.2756,40.0262)->(7.02104,24.7105,49.0866)->(7.02104,24.7105,51.9938)->(8.7375,29.41,62)->(9.65441,33.0698,69.5458)->
Agent 9:(18.4016,37.5641,0)->(19.525,36.4512,3.16258)->(20.9534,32.7575,11.0831)->(20.9534,32.7575,11.2882)->(23.9789,29.2686,20.5242)->(25.5635,26.6673,26.6162)->(28.1707,23.8333,34.3179)->(29.7786,21.8409,39.4384)->(31.8815,19.2077,46.1781)->(34.4256,15.6404,54.9413)->(36.5566,12.6463,62.2912)->(39.8915,10.6533,70.0613)->(42.2635,7.89083,77.3436)->(46.8562,7.06792,86.6751)->
Agent 10:(37.4144,48.645,0)->(33.6451,45.3599,10)->(28.8519,43.9368,20)->(25.5359,41.4173,28.3291)->(24.5661,40.6165,30.8446)->(20.7151,38.0529,40.097)->(16.6355,36.0567,49.1806)->(16.6355,36.0567,49.3708)->(13.286,32.3444,59.3708)->(13.286,32.3444,60.3708)->(17.5271,30.1941,69.8809)->
Agent 11:(43.8506,4.06161,0)->(44.3078,7.0065,5.96033)->(42.9903,11.0725,14.5085)->(43.7106,15.7118,23.8984)->(42.9803,19.5249,31.6632)->(42.2365,23.6397,40.0262)->(41.3826,25.4733,44.0714)->
Agent 12:(23.9089,21.8842,0)->(23.9089,21.8842,1.5482)->(26.5969,21.4317,7)->(28.0194,19.0376,12.5697)->(31.4564,16.6423,20.9483)->
Agent 13:(8.65885,13.9704,0)->(13.1498,12.5684,9.40941)->(15.4844,8.55982,18.6872)->(16.0515,8.09576,20.1526)->(20.9568,7.86933,29.9737)->(23.1098,4.69924,37.6378)->(23.1098,4.69924,43.2833)->(26.7037,4.31927,50.5112)->(30.4846,4.00918,58.0985)->(34.0718,4.04796,65.2733)->(38.0862,2.5296,73.8571)->
Agent 14:(3.46765,44.4852,0)->(2.54841,41.8667,5.55024)->(3.01126,37.5786,14.1762)->(4.1079,32.8758,23.8343)->(6.52152,28.5368,33.7644)->(6.52152,28.5368,37.7644)->(9.20488,26.4233,44.596)->(11.3053,25.9459,48.9039)->
Agent 15:(16.1326,25.2216,0)->(18.9515,22.0022,8.55821)->(21.5705,19.7923,15.4119)->(23.4043,18.4436,19.9644)->(23.4043,18.4436,23)->(27.9076,16.2711,33)->(30.5782,12.044,43)->(33.2488,7.81699,53)->(33.2488,7.81699,56.0061)->(35.1166,4.86064,63)->
Agent 16:(4.94591,24.7049,0)->(3.36297,21.6204,6.93379)->(5.79258,18.7184,14.5034)->(9.83667,16.996,23.2946)->(9.83667,16.996,24.2946)->(13.6559,14.843,33.0631)->(14.6181,12.7671,37.6394)->(19.0399,13.3271,46.5538)->
Agent 17:(19.323,4.1137,0)->(20.6154,6.59649,5.59805)->(23.654,10.4012,15.3364)->(23.5054,11.8978,18.3443)->
Agent 18:(23.2578,45.2771,0)->(18.3113,46.0063,10)->(13.3648,46.7355,20)->(8.41823,47.4647,30)->(3.4717,48.1939,40)->(2.17791,48.3847,42.6155)->
Agent 19:(38.24,2.95412,0)->(34.1362,4.46975,8.74952)->(31.9317,3.3747,13.6725)->(29.4878,2.0503,19.2318)->
Agent 20:(34.2343,6.6429,0)->(31.3407,8.81635,7.23799)->(29.7282,11.3953,13.321)->(29.7282,11.3953,16.321)->(28.5715,14.1556,22.3068)->(25.4484,16.0083,29.5694)->(25.4484,16.0083,30.0264)->(26.7899,16.6494,33)->
Agent 21:(36.0452,31.3476,0)->(39.695,31.5087,7.30676)->(42.9694,29.6453,14.8417)->(47.2006,27.5755,24.2623)->(46.6913,23.297,32.8799)->(47.8786,20.2755,39.3727)->
Agent 22:(15.5098,44.04,0)->(12.0935,47.3002,9.44441)->(10.5625,44.764,15.3693)->(7.77113,43.0082,21.9646)->
Agent 23:(41.9531,25.6504,0)->(44.1933,30.1205,10)->(46.1638,31.8366,15.2262)->
Agent 24:(20.8543,41.734,0)->(22.8672,39.7662,5.62994)->(22.8672,39.7662,7.4063)->(25.5896,40.4071,13)->(28.5675,40.4549,18.9566)->
Agent 25:(9.23806,23.428,0)->(9.23806,23.428,2)->(7.08411,27.0688,10.4605)->(6.34678,31.7785,19.9947)->(6.34678,31.7785,20.9947)->(5.16255,35.4186,28.6504)->(6.99132,38.6584,36.0911)->(5.71811,42.4651,44.1191)->(8.11528,46.8173,54.0564)->
Agent 26:(2.11963,28.5111,0)->(2.02734,24.4596,8.10502)->(3.02845,21.2484,14.8324)->(5.23038,17.3371,23.8094)->
Agent 27:(37.1663,24.9255,0)->(38.2782,20.0507,10)->(38.8176,19.2845,11.8742)->(38.6009,14.8932,20.6674)->(38.6009,14.8932,22.0748)->(39.8631,12.2129,28)->(41.827,10.5524,33.1436)->(41.827,10.5524,34.1436)->(42.1616,5.79646,43.6789)->(42.4869,1.59785,52.1013)->
Agent 28:(41.7599,44.1461,0)->(39.784,42.9669,4.60213)->(37.7144,41.0002,10.3121)->(37.7144,41.0002,10.5226)->(37.6216,37.6832,17.1592)->(35.3613,33.8438,26.07)->(34.7246,33.5517,27.4711)->
Agent 29:(6.89094,10.9248,0)->(6.89094,10.9248,2)->(9.35305,10.2566,7.10235)->(9.35305,10.2566,7.68979)->(12.9433,10.9421,15)->(13.9805,11.544,17.3983)->(13.9805,11.544,19.3983)->(14.9589,11.03,21.6087)->(17.4477,9.9072,27.0695)->
Agent 30:(20.8004,13.9548,0)->(19.8567,12.7926,2.9942)->(19.8567,12.7926,4.9942)->(16.7482,10.8103,12.3676)->(16.7482,10.8103,14.592)->(12.5887,8.24793,24.3628)->(11.3612,7.39481,27.3526)->
Agent 31:(12.2556,35.2812,0)->(10.0637,30.7872,10)->(7.17668,27.6058,18.5921)->(2.70438,28.8555,27.8794)->(1.79064,29.2148,29.843)->
Agent 32:(32.4509,16.0594,0)->(29.0799,15.9806,6.74387)->(26.6887,17.059,11.9902)->(23.3759,16.4097,18.7417)->(23.3759,16.4097,19.3229)->(19.8437,17.3509,26.6337)->(19.8437,17.3509,26.6749)->(17.5977,19.0092,32.2587)->(15.7196,22.9673,41.0208)->(14.4797,24.8011,45.4482)->(11.9543,27.8266,53.3301)->(9.85451,32.3076,63.2274)->(8.09678,36.9938,73.2374)->(4.28889,37.8549,81.0454)->
Agent 33:(19.4985,33.886,0)->(17.5019,37.1705,7.68761)->(19.4009,39.703,14.0185)->(21.0742,43.8156,22.8984)->(21.5919,45.8496,27.0961)->
Agent 34:(41.9332,7.72912,0)->(37.9284,10.7227,10)->(35.465,11.5554,15.2006)->(30.9553,13.4852,25.0111)->(27.6404,14.9379,32.2497)->(24.8795,16.3554,38.4567)->(21.5531,18.1627,46.028)->(17.9813,20.5763,54.6496)->(16.563,23.7711,61.6406)->(16.563,23.7711,61.9867)->(12.7026,24.491,69.8407)->(10.2406,24.4966,74.7646)->(8.40955,25.9475,79.4371)->
Agent 35:(7.75943,47.315,0)->(8.08583,44.1094,6.44432)->(8.08583,44.1094,9.44432)->(12.1096,41.7458,18.7776)->(12.4349,40.6851,20.9965)->(12.4349,40.6851,22)->(16.554,37.8509,32)->(20.23,34.4616,42)->(20.23,34.4616,44)->(22.3833,31.6587,51.0691)->(25.612,29.147,59.2503)->(26.5399,28.6437,61.3616)->
Agent 36:(28.18,20.5296,0)->(26.4807,22.0808,4.60173)->(25.887,25.0627,10.6826)->(25.887,25.0627,10.929)->(26.6023,29.6533,20.221)->(27.3881,33.1854,27.4579)->
Agent 37:(47.5937,24.4372,0)->(46.3156,24.4295,2.55625)->(46.3156,24.4295,3.55625)->(42.4921,24.4608,11.2034)->(38.255,26.3643,20.4935)->(38.255,26.3643,21)->(34.0314,23.6883,31)->(29.1076,22.8186,41)->(26.9521,21.5155,46.0377)->(25.1115,22.1243,49.9151)->
Agent 38:(31.3342,10.2881,0)->(27.6314,8.21591,8.48639)->(26.2728,3.91917,17.4992)->(26.0811,2.05117,21.2548)->
Agent 39:(39.8506,32.4114,0)->(37.2319,28.1521,10)->(36.0596,26.8556,13.4957)->(33.4684,23.7535,21.5795)->(31.5506,20.0013,30.0074)->(29.521,17.1069,37.0776)->(28.4163,13.5244,44.5754)->(26.1001,9.34667,54.1291)->(22.8158,6.81858,62.4184)->(20.5885,7.31853,66.9838)->(20.5885,7.31853,67.3456)->(17.0147,4.26051,76.7528)->(14.213,2.31254,83.5775)->(13.0381,4.53292,88.6016)->(8.61977,5.52795,97.6597)->(5.75185,2.21792,106.419)->
Agent 40:(7.45903,44.682,0)->(10.0327,43.2621,5.87862)->(14.2194,40.5838,15.8189)->(17.0689,38.3083,23.1121)->(20.8584,35.6297,32.3933)->(23.2606,33.7542,38.4886)->(26.3243,30.1767,47.9087)->(30.4444,27.5396,57.6922)->
Agent 41:(43.8968,20.6053,0)->(40.1925,23.9637,10)->(35.6308,26.0108,20)->(32.2536,29.6979,30)->(28.8764,33.385,40)->(26.8453,35.3884,45.7059)->(24.3474,38.3295,53.4232)->
Agent 42:(18.4016,8.44773,0)->(19.842,10.2809,4.66269)->(19.842,10.2809,5.66269)->(20.8703,15.0005,15.3233)->(21.5833,17.1859,19.921)->(22.9483,21.216,28.4308)->(22.9483,21.216,33)->(23.4981,24.3365,39.3373)->(24.7645,26.8896,45.0371)->(24.7645,26.8896,46.0371)->(25.9624,30.5783,53.7937)->(24.3556,34.6528,62.5535)->
Agent 43:(46.152,22.6627,0)->(42.2766,25.8219,10)->(41.5134,27.7215,14.0942)->(37.7894,28.0276,21.5675)->(37.7894,28.0276,22)->(36.3324,28.88,25.376)->(32.1466,28.6152,33.7644)->(28.3999,30.1067,41.8298)->(24.3902,32.9849,51.7012)->(21.9568,36.5187,60.2823)->(18.4259,35.9932,67.422)->(14.0557,35.3121,76.2679)->
Agent 44:(45.0372,11.0472,0)->(40.2439,12.47,10)->(35.2841,13.1031,20)->(30.3244,13.7362,30)->(26.494,14.2251,37.7229)->
Agent 45:(25.2918,42.6821,0)->(25.2918,42.6821,3.53127)->(25.4828,40.4559,8)->(26.6908,35.6641,17.8836)->(29.0026,31.2306,27.8836)->(30.4658,26.8868,37.0509)->(32.8795,22.8449,46.4664)->(32.8504,21.5258,49.1052)->(31.9453,19.0965,54.2901)->(32.974,16.0279,60.763)->(31.0798,13.6182,66.8931)->(29.7763,12.0347,70.995)->
Agent 46:(23.15,40.5605,0)->(28.1304,40.118,10)->(32.7167,42.1095,20)->(37.303,44.1009,30)->(40.7377,45.5924,37.4891)->
Agent 47:(25.7073,14.6765,0)->(28.1791,14.3243,4.99355)->(32.7782,14.5481,14.2026)->(32.7782,14.5481,14.2953)->(34.4562,15.6844,18.3483)->(39.1348,15.2072,27.7542)->(39.7795,13.4124,31.5683)->(39.7795,13.4124,36)->(44.5139,11.8045,46)->(44.5765,11.7832,46.1322)->
Agent 48:(35.5665,36.2576,0)->(35.5665,36.2576,1)->(39.3736,38.7558,10.1071)->(43.0688,40.8762,18.6279)->(47.1691,42.5795,27.5079)->
Agent 49:(1.43553,35.1202,0)->(1.20076,30.1258,10)->(1.20723,25.1258,20)->(2.83177,21.8744,27.2693)->(2.71077,17.2129,36.5954)->(3.15186,13.541,43.9919)->(3.89389,9.27153,52.6589)->(5.39341,5.7792,60.2602)->
Agent 50:(33.9204,24.4582,0)->(37.6296,22.3934,8.49044)->(37.6234,17.3842,18.5088)->
Agent 51:(44.1109,45.4151,0)->(42.8449,42.1635,6.97877)->(42.2053,38.3268,14.7579)->(42.2528,36.4268,18.5592)->(43.0699,32.416,26.7454)->(43.2197,28.9308,33.7222)->(44.4818,25.3265,41.3601)->(46.1741,22.4164,48.0928)->(45.5428,19.9081,53.2658)->(43.9766,15.3495,62.9062)->(43.9766,15.3495,71.1429)->(46.3149,12.1863,79.01)->(48.243,10.4216,84.2376)->
Agent 52:(48.9788,7.32055,0)->(44.6636,6.97466,8.65792)->(40.243,7.25669,17.5172)->(40.243,7.25669,18.3335)->(36.6091,6.50093,25.7568)->(32.6172,5.6868,33.905)->(32.6172,5.6868,36.5308)->(28.5178,6.31855,44.8263)->(26.4087,6.80455,49.1551)->(21.8414,7.71489,58.4694)->(21.389,7.51987,59.4545)->(16.684,6.49638,69.0846)->(13.9889,7.20468,74.658)->(12.0508,8.41096,79.2235)->(7.81332,8.31941,87.7005)->
Agent 53:(40.0258,22.0466,0)->(39.1976,23.731,3.75405)->(35.9431,24.933,10.6928)->(34.5373,25.7526,13.9474)->(29.6507,25.6862,23.7215)->(25.3202,27.3748,33.0177)->(23.3945,27.8963,37.0078)->(18.9725,29.2561,46.2605)->(16.5274,30.3684,51.6329)->(12.8193,28.5527,59.8906)->(12.8193,28.5527,63)->(11.5116,29.6989,66.4778)->(6.77285,31.2939,76.4778)->(3.44698,32.4134,83.4963)->
Agent 54:(0.543071,30.7012,0)->(4.80387,32.7011,9.41367)->(9.00558,35.3886,19.3891)->(9.00558,35.3886,20)->(11.3188,35.9094,24.7423)->(14.0259,37.9121,31.477)->(15.5673,38.6785,34.9197)->(19.8108,39.4789,43.5565)->(22.857,41.239,50.5927)->(24.4193,41.8381,53.9391)->(28.2426,43.068,61.9718)->(29.3672,42.8705,64.2553)->(33.9643,41.2059,74.0337)->(38.1154,40.8066,82.3742)->(41.7838,43.7014,91.7203)->(44.6597,44.4852,97.6818)->
Agent 55:(20.9685,36.1394,0)->(17.6042,33.4524,8.61117)->(14.3299,32.2088,15.6162)->(14.3299,32.2088,15.7174)->(12.4483,30.3599,20.9933)->(11.1057,28.2673,25.9659)->(7.05049,26.5567,34.7684)->(5.50584,23.5968,41.4458)->(4.15546,18.895,51.2295)->(2.53343,15.6831,58.4261)->(2.14467,12.0927,65.6488)->(2.03879,8.86902,72.0997)->
Agent 56:(41.4846,33.8475,0)->(38.6033,33.0065,6.00294)->(34.9463,31.9986,13.5897)->(32.337,30.0275,20.13)->(28.7331,29.8545,27.3459)->(26.9347,30.9223,31.5291)->(22.7636,28.7346,40.9491)->(21.3318,26.8164,45.7364)->(16.7903,26.5794,54.8319)->(14.0827,26.0885,60.3353)->
Agent 57:(4.50514,41.1067,0)->(7.78229,39.5342,7.26982)->(7.78229,39.5342,8.26982)->(12.5823,40.3928,18.0222)->(16.0657,39.8277,25.0801)->(16.0657,39.8277,28.2032)->(20.7031,40.379,37.5433)->(24.3947,41.127,45.0765)->(27.2775,39.0599,52.1712)->(29.7682,36.4668,59.3621)->(31.8976,32.9203,67.6354)->(36.0954,30.8555,76.9917)->(40.2829,29.2562,85.9567)->
Agent 58:(10.9638,31.349,0)->(13.6982,34.7111,8.66733)->(17.2483,37.8525,18.1481)->(19.0021,39.1082,22.4622)->(19.0021,39.1082,22.9053)->(23.4146,41.1442,32.6244)->(26.5661,42.954,39.8927)->(28.9133,46.5537,48.4874)->
Agent 59:(46.9297,19.5523,0)->(44.5413,23.2615,8.8232)->(41.7594,27.2925,18.6187)->(40.6999,28.443,21.7468)->(36.6255,30.9752,31.3412)->(32.9783,33.5994,40.3274)->(32.9783,33.5994,40.9406)->(29.3564,36.7668,50.5636)->(24.589,36.236,60.1572)->(19.8168,37.0184,69.8291)->(19.8168,37.0184,70.067)->(17.3808,38.1907,75.4739)->(17.3808,38.1907,75.5864)->(13.3486,41.0234,85.4418)->(9.78788,43.6584,94.3011)->
Agent 60:(14.4177,13.6915,0)->(13.2048,13.6287,2.42904)->(13.2048,13.6287,5.84274)->(9.67203,16.5413,15)->(9.67203,16.5413,15.9177)->(9.25524,21.0062,24.8864)->(6.60888,22.7043,31.175)->(3.97848,26.1827,39.8971)->(4.85419,29.7886,47.3183)->(4.85419,29.7886,47.7218)->(5.18711,33.7569,55.6864)->(4.07058,35.7271,60.2155)->
Agent 61:(14.3256,38.9094,0)->(10.9607,41.1924,8.13259)->(10.9607,41.1924,12.1326)->(8.49997,41.9728,17.2957)->(4.9028,43.5739,25.1705)->
Agent 62:(48.6786,1.0545,0)->(47.9231,5.67222,9.35822)->(47.3052,9.71698,17.5416)->(45.6598,14.3937,27.4644)->(45.6598,14.3937,28.7268)->(42.0887,15.7738,36.3838)->(41.1649,17.8853,40.9933)->(37.1398,18.4798,49.1308)->(33.5599,20.923,57.7991)->
Agent 63:(8.22883,9.16714,0)->(12.1432,12.278,10)->(16.784,14.1391,20)->(19.5012,15.691,26.2585)->(22.5636,17.4442,33.3158)->(24.5,17.5593,37.1955)->(28.331,19.298,45.6097)->(30.6642,21.4889,52.0108)->(34.1161,24.2085,60.7998)->(36.7539,28.0867,70.1804)->(37.6489,31.9467,78.1053)->(39.1135,36.2021,87.1059)->(38.1986,40.3393,95.5803)->
Agent 64:(5.48023,13.1013,0)->(7.03431,14.4206,4.07717)->(10.8015,17.6818,14.0424)->(13.5075,21.6934,23.7204)->(15.3296,23.362,28.6619)->(15.3296,23.362,28.9106)->(15.4611,26.7559,35.7034)->(15.4611,26.7559,35.9631)->(17.7468,29.6042,43.2671)->(19.3644,33.8663,52.3846)->(20.3324,36.8283,58.617)->(20.3324,36.8283,59.0515)->(22.1498,40.3626,67)->(24.3371,44.4297,76.2357)->
Agent 65:(31.5381,37.3941,0)->(32.2518,32.4453,10)->(33.5861,27.6266,20)->(34.2521,22.6712,30)->(34.1913,18.9967,37.3498)->
Agent 66:(16.1201,29.8126,0)->(15.7127,28.8791,2.03714)->(15.4961,24.3434,11.1188)->(15.5707,20.2275,19.352)->(16.1161,15.9591,27.9581)->(19.4991,13.4708,36.3572)->(21.4458,11.8743,41.3926)->(20.4023,7.84368,49.7196)->(23.9044,4.26427,59.735)->
Agent 67:(26.28,6.25441,0)->(22.8685,8.75551,8.46026)->(23.0695,12.7908,16.5408)->(23.0695,12.7908,16.8996)->(22.9658,17.1919,25.7043)->(21.4686,19.4278,31.086)->(21.0822,20.7291,33.8009)->(21.0822,20.7291,34.0299)->(19.9737,24.5667,42.0191)->(18.6324,28.2501,49.859)->(18.6324,28.2501,52.859)->(18.4218,31.9188,60.2085)->(18.2576,33.8787,64.1421)->
Agent 68:(34.9465,29.3115,0)->(30.496,27.0326,10)->(26.9167,23.5414,20)->(26.9167,23.5414,23.9085)->(24.9832,24.2098,28)->
Agent 69:(15.9844,27.785,0)->(15.2509,24.0763,7.56087)->(15.0567,19.5379,16.6461)->(13.7526,15.9608,24.261)->(16.8466,14.0503,31.5337)->(18.326,11.3673,37.6613)->(19.3649,8.45465,43.8461)->(20.5007,4.43578,52.1987)->
Agent 70:(29.3178,26.3989,0)->(27.6659,29.9523,7.8373)->(26.0986,32.8876,14.4924)->(24.0177,36.823,23.3957)->(22.8236,38.3513,27.2747)->(20.6165,41.0066,34.1803)->(20.6165,41.0066,34.2255)->(17.8335,43.6304,41.8751)->(18.8314,45.1388,45.4924)->(15.2408,48.5461,55.3923)->(11.6948,47.7137,62.6771)->(10.2059,47.6948,65.6551)->
Agent 71:(18.6411,21.6115,0)->(20.798,20.2642,5.08623)->(23.646,16.5387,14.4651)->(23.4072,15.9526,15.7308)->(26.6637,13.2082,24.2482)->(28.7083,10.1191,31.6572)->
Agent 72:(12.9422,4.3349,0)->(10.0559,8.36983,9.92193)->(8.97364,10.609,14.896)->(6.85192,13.9667,22.8397)->(8.57268,18.3926,32.337)->(8.35556,20.9942,37.5583)->(8.58558,24.3946,44.3747)->(8.95548,26.2611,48.1803)->(7.79058,29.9065,55.8342)->
Agent 73:(36.2018,33.6356,0)->(32.1208,36.5245,10)->(32.1208,36.5245,11)->(29.8982,41.0033,21)->(28.695,42.7128,25.1809)->(25.6815,44.205,31.9064)->(25.6815,44.205,33.1631)->(23.3982,46.3186,39.3859)->(20.2343,49.2746,48.0459)->
Agent 74:(46.568,46.7929,0)->(42.2179,44.6036,9.73979)->(39.3088,42.742,16.6473)->(39.3088,42.742,16.8552)->(37.4168,41.6948,21.1802)->(34.2306,40.0264,28.3734)->(30.0924,39.0407,36.8813)->(26.4436,39.3369,44.203)->(22.7113,39.0016,51.6975)->(18.8382,40.6568,60.1215)->
Agent 75:(7.8693,30.1763,0)->(12.5927,28.5365,10)->(17.4643,27.4104,20)->(20.9379,25.8121,27.6474)->(25.5663,25.6665,36.9088)->(25.5663,25.6665,41)->(30.4436,24.5657,51)->(32.1783,24.0092,54.6434)->
Agent 76:(26.1176,17.3471,0)->(21.1192,17.2213,10)->(18.9269,20.2125,17.4172)->(18.9269,20.2125,18.4172)->(14.3973,18.3324,28.2257)->(10.1462,16.1302,37.8011)->(7.59998,16.881,43.1103)->
Agent 77:(32.006,1.23258,0)->(31.3989,2.73284,3.23682)->(29.6337,6.54952,11.6471)->(27.6583,8.68094,17.4592)->(25.377,12.5707,26.4779)->(25.377,12.5707,26.9831)->(22.6485,15.3502,34.773)->(21.2524,18.074,40.8944)->(21.8047,21.27,47.3813)->(20.3275,25.8337,56.9749)->(20.0003,30.2694,65.8704)->(15.9202,33.176,75.8893)->
Agent 78:(35.1405,1.5821,0)->(35.1405,1.5821,2)->(38.3875,5.38439,12)->(40.0515,10.0994,22)->(41.384,14.9185,32)->(41.9622,19.885,42)->(40.1719,24.2403,51.4178)->(40.0887,28.9224,60.7836)->(38.4428,30.0727,64.7996)->(36.2044,34.3198,74.4014)->(34.195,35.4507,79.0129)->(34.195,35.4507,79.9358)->(32.6775,37.9351,85.7582)->(31.5964,41.3488,92.9197)->
Agent 79:(37.3338,21.8953,0)->(32.517,20.554,10)->(28.183,20.1398,18.7075)->(23.7427,19.1639,27.8002)->(23.7427,19.1639,28.0329)->(20.793,17.8757,34.4703)->(16.0489,18.5705,44.0597)->(14.3508,17.916,47.6994)->(11.4262,19.4523,54.3066)->(8.13777,22.9442,63.8997)->
Agent 80:(37.0873,44.7618,0)->(37.8833,41.1713,7.35529)->(38.433,37.5293,14.7219)->(39.4492,33.1327,23.7468)->
Agent 81:(11.0755,27.1571,0)->(10.722,23.9584,6.4363)->(10.9879,21.1837,12.0111)->(10.9879,21.1837,18.043)->(12.6925,17.7917,25.6355)->(16.21,14.6441,35.0758)->
Agent 82:(18.7236,14.2342,0)->(16.0837,15.6375,5.97943)->(16.5403,18.9211,12.6099)->(16.9563,21.581,17.9944)->(14.7067,24.2027,24.9035)->(13.6446,26.3761,29.7415)->(11.3929,28.8364,36.4118)->(12.1615,30.9578,40.9244)->(11.8629,35.7386,50.5046)->
Agent 83:(5.58607,15.6983,0)->(7.86201,18.805,7.70241)->(9.47539,22.7708,16.2652)->(9.47539,22.7708,16.4879)->(11.2466,23.023,20.066)->(11.2466,23.023,24.2921)->(13.9404,25.021,31)->(13.9404,25.021,33.4701)->(16.3664,26.3475,39)->(19.5347,27.5204,45.7568)->(21.2051,28.2429,49.3967)->
Agent 84:(3.20866,38.5181,0)->(8.13938,37.6887,10)->(11.97,34.4752,20)->(14.5932,34.0742,25.3073)->(17.854,33.0768,32.1272)->(17.854,33.0768,33.1272)->(21.5467,30.2853,42.3853)->(23.1899,29.3815,46.136)->
Agent 85:(15.0541,8.35342,0)->(15.4187,10.9259,5.19644)->(15.4187,10.9259,8.19644)->(18.2633,14.5308,17.3805)->(20.4244,14.5266,21.7027)->(23.9992,16.2082,29.604)->(27.1709,18.9964,38.0499)->(29.0495,21.4239,44.1889)->(31.7142,23.2946,50.7006)->(35.5441,26.0053,60.0847)->(38.1,29.3041,68.4309)->(42.8444,29.7004,77.9529)->
Agent 86:(25.9794,23.9124,0)->(29.1232,21.5264,7.89335)->(31.5052,21.3939,12.6647)->(34.3355,19.1716,19.8617)->(35.447,18.1488,22.8826)->(35.447,18.1488,23.415)->(37.1541,14.7207,31.0744)->(39.1976,12.4776,37.1431)->(39.5926,9.84797,42.4614)->(41.3355,5.62439,51.5995)->
Agent 87:(0.581213,48.8573,0)->(1.4321,44.0091,9.84446)->(2.4206,40.4299,17.2709)->(2.51345,36.8922,24.3488)->(1.42688,32.7711,32.8727)->
Agent 88:(26.7771,36.709,0)->(31.6222,37.9439,10)->(33.1954,37.8525,13.1517)->(37.7468,38.3453,22.3077)->(41.517,35.7699,31.4394)->
Agent 89:(9.72551,6.50284,0)->(11.5536,7.15085,3.87903)->(12.8351,11.9471,13.8081)->(14.8495,15.8239,22.546)->(18.8559,15.7572,30.5598)->(19.0099,18.6323,36.3183)->(19.4056,20.9101,40.942)->(21.6253,23.6138,47.9384)->(21.6253,23.6138,48.1698)->(25.1541,26.3076,57.0487)->(27.8002,28.2885,63.6596)->(30.9984,31.4731,72.6862)->(32.0083,32.8345,76.0764)->
Agent 90:(41.567,47.2474,0)->(37.69,44.09,10)->(34.682,41.9073,17.4331)->(34.6916,39.9537,21.3403)->(32.1848,37.2755,28.677)->(32.1848,37.2755,29.3226)->(29.7301,36.1277,34.7422)->(25.2168,35.2068,43.9548)->(21.2279,33.8102,52.4074)->(21.2279,33.8102,55.2614)->(19.0817,31.2129,62)->(16.3634,28.1873,70.1348)->(16.348,26.7089,73.0916)->
Agent 91:(27.3018,10.7686,0)->(25.4128,15.398,10)->(23.6798,19.7222,19.3171)->(21.5287,23.8146,28.5637)->(20.2419,28.4108,38.1097)->(18.0252,32.8472,48.0283)->(15.2903,36.784,57.6153)->(13.4473,41.0363,66.8844)->(12.8964,43.7348,72.3928)->(12.4182,46.0646,77.1495)->
Agent 92:(21.6635,9.12274,0)->(21.3554,11.547,4.88745)->(20.9716,15.4766,12.7842)->(17.4812,16.8962,20.3203)->(18.4941,20.9952,28.7648)->(18.4941,20.9952,29.5274)->(16.2841,24.2251,37.3547)->(12.3339,25.8196,45.8743)->(12.3339,25.8196,60.142)->(12.6017,29.7394,68)->
Agent 93:(4.4373,48.194,0)->(5.84413,43.396,10)->(6.83826,40.7133,15.7218)->(9.55005,36.5562,25.6486)->(11.9981,32.4592,35.1939)->(14.0649,28.0475,44.9376)->(17.6354,25.0839,54.218)->(19.6938,22.756,60.4329)->(23.0757,21.7705,67.4781)->(27.0216,19.7648,76.3308)->(30.6571,18.0532,84.3673)->(34.4224,16.6303,92.4177)->(34.4224,16.6303,92.5996)->(36.7783,15.7205,97.6506)->(36.7783,15.7205,106.109)->(39.4587,11.7271,115.728)->(41.4639,10.1127,120.877)->
Agent 94:(37.2133,38.1866,0)->(37.6701,36.0094,4.44916)->(36.6529,34.3974,8.26147)->(36.6529,34.3974,10.6639)->(33.4108,31.0389,20)->
Agent 95:(11.9509,18.7018,0)->(7.89709,16.9631,8.82191)->(9.14458,14.1952,14.894)->
Agent 96:(16.6237,48.3818,0)->(18.265,47.7225,3.53737)->(22.3734,47.3116,11.7953)->(22.3734,47.3116,12.8304)->(26.0583,46.4821,20.3845)->(29.6138,44.465,28.5603)->
Agent 97:(8.89759,36.9204,0)->(9.3087,33.0827,7.71934)->(10.837,29.6559,15.2236)->(10.837,29.6559,15.2432)->(10.9827,24.9608,24.6379)->(11.8118,21.2904,32.1638)->(11.8118,21.2904,72.1073)->(10.4548,21.7906,75)->
Agent 98:(12.9929,46.5465,0)->(12.6406,45.5627,2.09008)->(14.4568,41.6742,10.6735)->(14.9134,39.8061,14.5197)->(13.3733,36.6171,21.6026)->(13.3733,36.6171,24.8827)->(14.8142,32.0117,34.5337)->(15.6325,30.3326,38.2696)->(16.4673,27.05,45.0438)->(16.4673,27.05,45.6041)->(16.6562,22.4069,54.8979)->(16.6562,22.4069,54.9537)->(14.799,18.8989,62.8923)->(12.9194,16.0524,69.7145)->(12.4707,13.8497,74.2103)->
Agent 99:(28.762,16.5342,0)->(33.4215,18.3478,10)->(37.5844,18.9659,18.417)->(41.7265,21.3607,27.9863)->(45.999,23.3901,37.4461)->(47.6104,23.8706,40.8092)->
