Agent 0:(34.7636,33.3466,0)->(32.271,37.6809,10)->(31.4959,39.0286,13.1093)->
Agent 1:(16.7248,31.9569,0)->(20.0274,28.2029,10)->(22.723,25.2873,17.9416)->(22.5102,20.9703,26.5859)->(19.8167,18.2356,34.2629)->(19.5195,16.4347,37.9134)->
Agent 2:(28.7828,3.43846,0)->(28.6538,3.0136,0.888049)->(32.8901,1.41585,9.94332)->(35.4329,1.47224,15.0301)->
Agent 3:(38.9108,18.4247,0)->(37.1269,20.8493,6.02031)->(34.034,24.1772,15.1067)->(29.1897,24.3965,24.8054)->(25.1811,25.5732,33.1608)->
Agent 4:(37.9664,8.33758,0)->(37.7284,13.3319,10)->(37.7469,18.3319,20)->(37.045,23.2837,30.0027)->(37.1294,25.8992,35.2364)->
Agent 5:(10.9175,36.5716,0)->(9.68759,33.6493,6.34118)->(9.87464,32.0512,9.55908)->(14.6097,31.1582,19.1962)->(16.9224,29.7541,24.6073)->(19.6996,27.7646,31.4398)->(23.7656,25.0389,41.23)->(26.9665,23.8827,48.0411)->(28.1833,20.1459,55.9009)->(27.7538,17.3403,61.5775)->(27.7538,17.3403,64.3296)->(30.8839,14.0165,73.461)->(31.3574,9.99629,81.5569)->
Agent 6:(16.4378,24.672,0)->(19.0075,26.49,6.29554)->(21.6576,26.3881,11.5996)->(24.5084,26.3063,17.3037)->(29.0461,26.1264,26.3861)->(29.0461,26.1264,26.4818)->(33.5506,25.4924,35.5798)->(36.2696,27.4722,42.3066)->(39.2883,31.2826,52.029)->
Agent 7:(23.2464,10.2273,0)->(24.1811,14.0097,7.79233)->(27.417,14.6691,14.3972)->(29.6022,15.6925,19.2232)->(29.6022,15.6925,20.3659)->(34.0116,16.1043,29.2229)->(35.3532,18.5731,34.8425)->(36.9251,21.1939,40.9545)->(38.7539,24.4135,48.3601)->
Agent 8:(1.47391,8.77302,0)->(4.80703,8.38798,6.71058)->(8.92601,8.03837,14.9782)->(13.8323,8.65645,24.8683)->(18.6369,9.34596,34.576)->(19.0327,9.1724,35.4404)->(19.0327,9.1724,35.7342)->(23.6962,8.76419,45.0969)->(23.6962,8.76419,45.2247)->(24.896,6.16888,50.9432)->(25.9822,5.79537,53.2404)->(27.9867,5.25197,57.3941)->(29.4435,9.1238,65.6677)->(28.9699,9.5983,67.0084)->
Agent 9:(39.209,28.1094,0)->(37.1228,27.4987,4.3475)->(33.2117,25.985,12.7352)->(31.1438,24.388,17.9606)->(30.4179,24.2521,19.4378)->(30.4179,24.2521,19.8507)->(28.0241,20.0524,29.5186)->(27.7635,18.0389,33.5793)->(26.2601,16.0529,38.5611)->(23.3413,12.2939,48.0792)->(24.1388,7.56015,57.6802)->(24.5745,3.68382,65.4817)->
